intrinsic:
1261.901388667572 0.0 611.163958600612 
0.0 1264.0512936429343 375.9081898287179 
0.0 0.0 1.0 
distortion:
-0.01985529765533603 0.9360646291520243 0.003051269223379454 -0.00743766569873628 -3.0620279820270544 
