intrinsic:
1234.7998704392153 0.0 678.3244652875368 
0.0 1241.0500103449474 399.1480443986643 
0.0 0.0 1.0 
distortion:
-0.11709066030496602 0.14141857979968508 0.0034553562348381282 0.0015762949416793558 2.4999712779972225 
